          anova         caret       ggplot2       stringi         dplyr
1  1.000000e+00  1.000000e+00  1.000000e+00  1.000000e+00  1.000000e+00
2 -5.551115e-17 -1.387779e-16 -1.110223e-16 -2.775558e-17 -1.110223e-16
3  1.000000e+00  1.000000e+00  1.000000e+00  1.000000e+00  1.000000e+00
4  1.387779e-17  1.000000e+00 -2.775558e-16 -2.775558e-17  0.000000e+00
5  1.000000e+00 -2.498002e-16 -3.330669e-16  1.000000e+00 -4.440892e-16
6  1.000000e+00  1.000000e+00  1.000000e+00  1.000000e+00  1.000000e+00
          knitr          plot      cluster        PC1        PC2
1  1.000000e+00  1.000000e+00 1.000000e+00  1.9246685 0.51801358
2 -1.665335e-16 -1.110223e-16 8.326673e-17 -0.7801370 0.08068558
3  1.000000e+00  1.000000e+00 1.000000e+00  1.9246685 0.51801358
4 -1.665335e-16 -5.551115e-16 1.000000e+00 -0.1954164 0.57599285
5  1.000000e+00  1.000000e+00 1.000000e+00  0.8253814 1.33708646
6  1.000000e+00  1.000000e+00 1.000000e+00  1.9246685 0.51801358
         PC3        PC4          PC5         PC6        PC7         PC8
1  0.4818433  0.2430619  0.083413219  0.08015126  0.4116388 -0.33546319
2  0.1025598  0.1002899  0.005760095  0.08485632 -0.0355451  0.01454591
3  0.4818433  0.2430619  0.083413219  0.08015126  0.4116388 -0.33546319
4  0.8390049 -0.2412475  0.634827905 -0.46832343 -0.0362933  0.24266577
5 -0.2479003  0.3492869 -0.546197938 -0.30153995  0.2261621 -0.35490699
6  0.4818433  0.2430619  0.083413219  0.08015126  0.4116388 -0.33546319
  rownames
1        1
2        2
3        3
4        4
5        5
6        6
